   grip-gl-mai-v2      : 2000-01-01:2018-12-31: median KGE = 0.8366279219903465 (0.4853331725380404, 0.9749439307664561) based on 103 basins
   grip-gl-mai-v2      : 1980-01-01:1999-12-31: median KGE = 0.734156630830282 (0.4255412958339395, 0.883662985480532) based on 94 basins
   camels-us-newman-v1 : 2000-01-01:2018-12-31: median KGE = 0.46977873392487546 (0.13986411196732795, 0.7174067272523922) based on 103 basins
   camels-us-newman-v1 : 1980-01-01:1999-12-31: median KGE = 0.4400304210939107 (0.12946115648024048, 0.6713201807928838) based on 94 basins
   conus-zhi-v1        : 2000-01-01:2018-12-31: median KGE = 0.3249156979400887 (0.11306621794522456, 0.6200931046865644) based on 103 basins
   conus-zhi-v1        : 1980-01-01:1999-12-31: median KGE = 0.3117380134489532 (0.06491132531985522, 0.5806880557968545) based on 94 basins
   grip-gl-mai-v3      : 2000-01-01:2018-12-31: median KGE = 0.8325039602506203 (0.45594962612221995, 0.9715620155945613) based on 103 basins
   grip-gl-mai-v3      : 1980-01-01:1999-12-31: median KGE = 0.7066515797663724 (0.39589337414790654, 0.8462107961521477) based on 94 basins
   conus-zhi-v2        : 2000-01-01:2018-12-31: median KGE = 0.27260161602742605 (0.049026148588080326, 0.5679490942355957) based on 103 basins
   conus-zhi-v2        : 1980-01-01:1999-12-31: median KGE = 0.26363441005387 (0.06746498927586489, 0.5493693570433213) based on 94 basins
