   grip-gl-mai-v2      : 2000-01-01:2018-12-31: median KGE = 0.8366279219903464 (p5=0.4853331725380404, p95=0.9749439307664561) based on 103 basins
   grip-gl-mai-v2      : 2000-01-01:2018-12-31: median NSE = 0.8403485417366028 (p5=0.4737864524126053, p95=0.9849462100304663) based on 103 basins
   grip-gl-mai-v2      : 1980-01-01:1999-12-31: median KGE = 0.7341566308302818 (p5=0.42554129583393946, p95=0.8836629854805318) based on 94 basins
   grip-gl-mai-v2      : 1980-01-01:1999-12-31: median NSE = 0.7410173565149307 (p5=0.45964418053627015, p95=0.8713580220937728) based on 94 basins
   conus-zhi-v1        : 2000-01-01:2018-12-31: median KGE = 0.3249156979400887 (p5=0.11306621794522455, p95=0.6200931046865646) based on 103 basins
   conus-zhi-v1        : 2000-01-01:2018-12-31: median NSE = 0.3966192603111267 (p5=0.15749621391296387, p95=0.6338288754224776) based on 103 basins
   conus-zhi-v1        : 1980-01-01:1999-12-31: median KGE = 0.3117380134489532 (p5=0.06491132531985515, p95=0.5806880557968548) based on 94 basins
   conus-zhi-v1        : 1980-01-01:1999-12-31: median NSE = 0.39434534311294556 (p5=0.17441609799861907, p95=0.6043259873986243) based on 94 basins
   grip-gl-mai-v3      : 2000-01-01:2018-12-31: median KGE = 0.8325039602506202 (p5=0.4559496261222199, p95=0.9715620155945613) based on 103 basins
   grip-gl-mai-v3      : 2000-01-01:2018-12-31: median NSE = 0.8382419049739838 (p5=0.45540917515754703, p95=0.982861353084445) based on 103 basins
   grip-gl-mai-v3      : 1980-01-01:1999-12-31: median KGE = 0.7066515797663725 (p5=0.3958933741479065, p95=0.8462107961521476) based on 94 basins
   grip-gl-mai-v3      : 1980-01-01:1999-12-31: median NSE = 0.7061520516872406 (p5=0.4265565156936646, p95=0.8442461602389812) based on 94 basins
   conus-zhi-v2        : 2000-01-01:2018-12-31: median KGE = 0.27260161602742616 (p5=0.04902614858808031, p95=0.5679490942355955) based on 103 basins
   conus-zhi-v2        : 2000-01-01:2018-12-31: median NSE = 0.34429019689559937 (p5=0.10110813975334168, p95=0.5948026210069657) based on 103 basins
   conus-zhi-v2        : 1980-01-01:1999-12-31: median KGE = 0.26363441005386984 (p5=0.06746498927586482, p95=0.5493693570433216) based on 94 basins
   conus-zhi-v2        : 1980-01-01:1999-12-31: median NSE = 0.33111920952796936 (p5=0.12803731262683868, p95=0.585746145248413) based on 94 basins
   camels-us-newman-v1 : 2000-01-01:2018-12-31: median KGE = 0.46977873392487535 (p5=0.13986411196732806, p95=0.7174067272523921) based on 103 basins
   camels-us-newman-v1 : 2000-01-01:2018-12-31: median NSE = 0.5491661727428436 (p5=0.1481757760047913, p95=0.7239164173603058) based on 103 basins
   camels-us-newman-v1 : 1980-01-01:1999-12-31: median KGE = 0.4400304210939108 (p5=0.12946115648024045, p95=0.6713201807928836) based on 94 basins
   camels-us-newman-v1 : 1980-01-01:1999-12-31: median NSE = 0.5103793442249298 (p5=0.1475418120622635, p95=0.7037763744592667) based on 94 basins
   north-america-mai-v1: 2000-01-01:2018-12-31: median KGE = 0.7096057578558393 (p5=0.29159995795890337, p95=0.8866439175475663) based on 103 basins
   north-america-mai-v1: 2000-01-01:2018-12-31: median NSE = 0.6967147588729858 (p5=-0.0035974860191344896, p95=0.8857122704386711) based on 103 basins
   north-america-mai-v1: 1980-01-01:1999-12-31: median KGE = 0.6965658125478017 (p5=0.36082941636063226, p95=0.8673641159203525) based on 94 basins
   north-america-mai-v1: 1980-01-01:1999-12-31: median NSE = 0.6639538109302521 (p5=0.05818147361278536, p95=0.801065181940794) based on 94 basins
