   grip-gl-mai-v2      : 2000-01-01:2018-12-31: median KGE = 0.5024771299428458 (-17.808327192620258, 0.8865483262257716) based on 513 basins
   grip-gl-mai-v2      : 1980-01-01:1999-12-31: median KGE = 0.36938290387357586 (-16.108519993866935, 0.7180919324904367) based on 482 basins
   camels-us-newman-v1 : 2000-01-01:2018-12-31: median KGE = 0.5591441401555755 (-0.5266037754260985, 0.869657215227582) based on 513 basins
   camels-us-newman-v1 : 1980-01-01:1999-12-31: median KGE = 0.45389938413702413 (-1.0596697912138437, 0.7403272106468693) based on 482 basins
   conus-zhi-v1        : 2000-01-01:2018-12-31: median KGE = 0.9241013992626815 (0.7478907249774385, 0.9597067408118508) based on 513 basins
   conus-zhi-v1        : 1980-01-01:1999-12-31: median KGE = 0.5956500213138394 (-0.1864987859372343, 0.8345057934221132) based on 482 basins
   grip-gl-mai-v3      : 2000-01-01:2018-12-31: median KGE = 0.5112187729260048 (-9.679735116297998, 0.8809446875325403) based on 513 basins
   grip-gl-mai-v3      : 1980-01-01:1999-12-31: median KGE = 0.3642935227636997 (-13.723853172993, 0.718810995586229) based on 482 basins
   conus-zhi-v2        : 2000-01-01:2018-12-31: median KGE = 0.9127006979250738 (0.7449102329105404, 0.9529500092283911) based on 513 basins
   conus-zhi-v2        : 1980-01-01:1999-12-31: median KGE = 0.594510065878854 (-0.2620606265304722, 0.8342389402001038) based on 482 basins
