   grip-gl-mai-v2      : 2000-01-01:2018-12-31: median KGE = 0.5024771299428459 (p5=-17.808327192620258, p95=0.8865483262257716) based on 513 basins
   grip-gl-mai-v2      : 2000-01-01:2018-12-31: median NSE = 0.4617471694946289 (p5=-125.96077575683593, p95=0.8457331061363218) based on 513 basins
   grip-gl-mai-v2      : 1980-01-01:1999-12-31: median KGE = 0.369382903873576 (p5=-16.108519993866935, p95=0.7180919324904365) based on 482 basins
   grip-gl-mai-v2      : 1980-01-01:1999-12-31: median NSE = 0.16969400644302368 (p5=-117.0748332977295, p95=0.6441701337695119) based on 482 basins
   conus-zhi-v1        : 2000-01-01:2018-12-31: median KGE = 0.9241013992626815 (p5=0.7478907249774388, p95=0.9597067408118509) based on 513 basins
   conus-zhi-v1        : 2000-01-01:2018-12-31: median NSE = 0.9354310631752014 (p5=0.7488537013530732, p95=0.9741760529577732) based on 513 basins
   conus-zhi-v1        : 1980-01-01:1999-12-31: median KGE = 0.5956500213138394 (p5=-0.1864987859372343, p95=0.8345057934221131) based on 482 basins
   conus-zhi-v1        : 1980-01-01:1999-12-31: median NSE = 0.45214200019836426 (p5=-1.0299630641937256, p95=0.7649164587259292) based on 482 basins
   grip-gl-mai-v3      : 2000-01-01:2018-12-31: median KGE = 0.5112187729260048 (p5=-9.679735116297998, p95=0.8809446875325402) based on 513 basins
   grip-gl-mai-v3      : 2000-01-01:2018-12-31: median NSE = 0.4442659020423889 (p5=-70.3944625854492, p95=0.8321806401014327) based on 513 basins
   grip-gl-mai-v3      : 1980-01-01:1999-12-31: median KGE = 0.36429352276369986 (p5=-13.723853172993, p95=0.7188109955862289) based on 482 basins
   grip-gl-mai-v3      : 1980-01-01:1999-12-31: median NSE = 0.15385878086090088 (p5=-74.34759635925292, p95=0.627109159529209) based on 482 basins
   conus-zhi-v2        : 2000-01-01:2018-12-31: median KGE = 0.9127006979250736 (p5=0.7449102329105403, p95=0.9529500092283911) based on 513 basins
   conus-zhi-v2        : 2000-01-01:2018-12-31: median NSE = 0.922627255320549 (p5=0.7308042466640472, p95=0.9683444894850254) based on 513 basins
   conus-zhi-v2        : 1980-01-01:1999-12-31: median KGE = 0.5945100658788539 (p5=-0.26206062653047196, p95=0.8342389402001043) based on 482 basins
   conus-zhi-v2        : 1980-01-01:1999-12-31: median NSE = 0.45280420780181885 (p5=-1.2018728852272034, p95=0.762051136046648) based on 482 basins
   camels-us-newman-v1 : 2000-01-01:2018-12-31: median KGE = 0.5591441401555755 (p5=-0.5266037754260985, p95=0.869657215227582) based on 513 basins
   camels-us-newman-v1 : 2000-01-01:2018-12-31: median NSE = 0.5796910226345062 (p5=-1.677404165267944, p95=0.8866532251238822) based on 513 basins
   camels-us-newman-v1 : 1980-01-01:1999-12-31: median KGE = 0.45389938413702413 (p5=-1.0596697912138437, p95=0.7403272106468691) based on 482 basins
   camels-us-newman-v1 : 1980-01-01:1999-12-31: median NSE = 0.3168070614337921 (p5=-4.555334711074829, p95=0.6781709715723991) based on 482 basins
   north-america-mai-v1: 2000-01-01:2018-12-31: median KGE = 0.8106992088915916 (p5=-0.04428130868419447, p95=0.9684933427907585) based on 513 basins
   north-america-mai-v1: 2000-01-01:2018-12-31: median NSE = 0.8238867521286011 (p5=-0.311528468132019, p95=0.9766142226755619) based on 513 basins
   north-america-mai-v1: 1980-01-01:1999-12-31: median KGE = 0.5296787075609205 (p5=-0.47828549579645524, p95=0.7982695880575725) based on 482 basins
   north-america-mai-v1: 1980-01-01:1999-12-31: median NSE = 0.3924820125102997 (p5=-2.047281801700592, p95=0.7517186872661114) based on 482 basins
