   grip-gl-mai-v2      : 2000-01-01:2018-12-31: median KGE = 0.9672921729252877 (0.9280081486528696, 0.9807810602931898) based on 212 basins
   grip-gl-mai-v2      : 1980-01-01:1999-12-31: median KGE = 0.7668829010703367 (0.5005429977392419, 0.8943210019518515) based on 190 basins
   camels-us-newman-v1 : 2000-01-01:2018-12-31: median KGE = 0.4823227153706102 (0.14319687071014053, 0.8934966639332562) based on 209 basins
   camels-us-newman-v1 : 1980-01-01:1999-12-31: median KGE = 0.45661861738606474 (-0.01445812351987692, 0.7699973926799748) based on 188 basins
   conus-zhi-v1        : 2000-01-01:2018-12-31: median KGE = 0.3596165880686009 (-0.08240036213858379, 0.9087702307810003) based on 210 basins
   conus-zhi-v1        : 1980-01-01:1999-12-31: median KGE = 0.3203385044814776 (-0.40614550768425106, 0.7558879044892236) based on 189 basins
   grip-gl-mai-v3      : 2000-01-01:2018-12-31: median KGE = 0.9592615649457863 (0.9140711702719275, 0.9765140249422385) based on 212 basins
   grip-gl-mai-v3      : 1980-01-01:1999-12-31: median KGE = 0.7378916817884513 (0.481215044784394, 0.8591574697246365) based on 190 basins
   conus-zhi-v2        : 2000-01-01:2018-12-31: median KGE = 0.34950732859670236 (0.03465927040857977, 0.9050784299198225) based on 210 basins
   conus-zhi-v2        : 1980-01-01:1999-12-31: median KGE = 0.29091200356797053 (-0.5779331444941544, 0.7560517626077858) based on 189 basins
