   grip-gl-mai-v2      : 2000-01-01:2018-12-31: median KGE = 0.9672921729252877 (p5=0.9280081486528698, p95=0.9807810602931899) based on 212 basins
   grip-gl-mai-v2      : 2000-01-01:2018-12-31: median NSE = 0.9776275847107172 (p5=0.9401839572936297, p95=0.9916226521134377) based on 212 basins
   grip-gl-mai-v2      : 1980-01-01:1999-12-31: median KGE = 0.7668829010703367 (p5=0.5005429977392419, p95=0.8943210019518515) based on 190 basins
   grip-gl-mai-v2      : 1980-01-01:1999-12-31: median NSE = 0.7352932095527649 (p5=0.28987015783786774, p95=0.88354600854218) based on 190 basins
   conus-zhi-v1        : 2000-01-01:2018-12-31: median KGE = 0.3596165880686009 (p5=-0.08240036213858391, p95=0.9087702307810004) based on 210 basins
   conus-zhi-v1        : 2000-01-01:2018-12-31: median NSE = 0.4206025004386902 (p5=-0.6512347459793091, p95=0.9263266511261463) based on 211 basins
   conus-zhi-v1        : 1980-01-01:1999-12-31: median KGE = 0.3203385044814774 (p5=-0.40614550768425106, p95=0.7558879044892236) based on 189 basins
   conus-zhi-v1        : 1980-01-01:1999-12-31: median NSE = 0.36723601818084717 (p5=-2.2311081409454343, p95=0.6789841175079345) based on 189 basins
   grip-gl-mai-v3      : 2000-01-01:2018-12-31: median KGE = 0.9592615649457862 (p5=0.9140711702719275, p95=0.9765140249422386) based on 212 basins
   grip-gl-mai-v3      : 2000-01-01:2018-12-31: median NSE = 0.9726728219538927 (p5=0.9261758662760258, p95=0.9906257291324436) based on 212 basins
   grip-gl-mai-v3      : 1980-01-01:1999-12-31: median KGE = 0.7378916817884515 (p5=0.48121504478439414, p95=0.8591574697246365) based on 190 basins
   grip-gl-mai-v3      : 1980-01-01:1999-12-31: median NSE = 0.6908676326274872 (p5=0.27744039893150335, p95=0.847517766803503) based on 190 basins
   conus-zhi-v2        : 2000-01-01:2018-12-31: median KGE = 0.34950732859670236 (p5=0.034659270408579836, p95=0.9050784299198227) based on 210 basins
   conus-zhi-v2        : 2000-01-01:2018-12-31: median NSE = 0.4086381793022156 (p5=-0.5800667405128479, p95=0.9123345240950584) based on 211 basins
   conus-zhi-v2        : 1980-01-01:1999-12-31: median KGE = 0.29091200356797053 (p5=-0.5779331444941544, p95=0.756051762607786) based on 189 basins
   conus-zhi-v2        : 1980-01-01:1999-12-31: median NSE = 0.33983612060546875 (p5=-2.5377466201782224, p95=0.6594314098358154) based on 189 basins
   camels-us-newman-v1 : 2000-01-01:2018-12-31: median KGE = 0.4823227153706102 (p5=0.14319687071014056, p95=0.8934966639332563) based on 209 basins
   camels-us-newman-v1 : 2000-01-01:2018-12-31: median NSE = 0.5693449676036835 (p5=-0.08577489852905273, p95=0.8957622461020947) based on 211 basins
   camels-us-newman-v1 : 1980-01-01:1999-12-31: median KGE = 0.4566186173860648 (p5=-0.014458123519877065, p95=0.7699973926799749) based on 188 basins
   camels-us-newman-v1 : 1980-01-01:1999-12-31: median NSE = 0.48225122690200806 (p5=-0.9838919162750244, p95=0.7053459405899047) based on 189 basins
   north-america-mai-v1: 2000-01-01:2018-12-31: median KGE = 0.7846325964775895 (p5=0.27296161691246623, p95=0.9650294375074674) based on 209 basins
   north-america-mai-v1: 2000-01-01:2018-12-31: median NSE = 0.7844071686267853 (p5=-0.32998430728912354, p95=0.9749233275651932) based on 211 basins
   north-america-mai-v1: 1980-01-01:1999-12-31: median KGE = 0.7047164947439073 (p5=0.12383064281624018, p95=0.8648623667282723) based on 188 basins
   north-america-mai-v1: 1980-01-01:1999-12-31: median NSE = 0.6373453438282013 (p5=-0.6958947420120238, p95=0.8513236403465271) based on 189 basins
