   grip-gl-mai-v2      : 2000-01-01:2018-12-31: median KGE = 0.37165977936512573 (p5=-34.59590522243269, p95=0.8456518949456616) based on 2573 basins
   grip-gl-mai-v2      : 2000-01-01:2018-12-31: median NSE = 0.2693079710006714 (p5=-175.37852783203127, p95=0.8147059231996537) based on 2573 basins
   grip-gl-mai-v2      : 1980-01-01:1999-12-31: median KGE = 0.2323560296807634 (p5=-30.736708316663055, p95=0.7288674208344134) based on 2225 basins
   grip-gl-mai-v2      : 1980-01-01:1999-12-31: median NSE = -0.0009920001029968262 (p5=-177.8727798461914, p95=0.6368536055088043) based on 2226 basins
   conus-zhi-v1        : 2000-01-01:2018-12-31: median KGE = 0.5894500091231554 (p5=-1.0044474328477082, p95=0.9253416260302728) based on 2559 basins
   conus-zhi-v1        : 2000-01-01:2018-12-31: median NSE = 0.586976170539856 (p5=-1.7353780269622805, p95=0.9329851299524308) based on 2573 basins
   conus-zhi-v1        : 1980-01-01:1999-12-31: median KGE = 0.41965885268482184 (p5=-2.2685627801739843, p95=0.7645719426575577) based on 2211 basins
   conus-zhi-v1        : 1980-01-01:1999-12-31: median NSE = 0.29118186235427856 (p5=-6.285544991493225, p95=0.6843184381723404) based on 2226 basins
   grip-gl-mai-v3      : 2000-01-01:2018-12-31: median KGE = 0.37870233725481717 (p5=-20.21875268608243, p95=0.8359683628436081) based on 2573 basins
   grip-gl-mai-v3      : 2000-01-01:2018-12-31: median NSE = 0.26701515913009644 (p5=-84.46028137207033, p95=0.8017491430044178) based on 2573 basins
   grip-gl-mai-v3      : 1980-01-01:1999-12-31: median KGE = 0.22553963922567444 (p5=-20.399425340066692, p95=0.7246649085754393) based on 2221 basins
   grip-gl-mai-v3      : 1980-01-01:1999-12-31: median NSE = -0.042336463928222656 (p5=-102.17083168029785, p95=0.6214474067091942) based on 2226 basins
   conus-zhi-v2        : 2000-01-01:2018-12-31: median KGE = 0.5877334729593011 (p5=-1.1915389095621676, p95=0.9165168919476212) based on 2559 basins
   conus-zhi-v2        : 2000-01-01:2018-12-31: median NSE = 0.592094212770462 (p5=-1.7979362964630128, p95=0.921720764040947) based on 2573 basins
   conus-zhi-v2        : 1980-01-01:1999-12-31: median KGE = 0.4121835605772127 (p5=-2.4202379709320354, p95=0.7608195033155029) based on 2213 basins
   conus-zhi-v2        : 1980-01-01:1999-12-31: median NSE = 0.28064805269241333 (p5=-6.0846394300460815, p95=0.6862372383475304) based on 2226 basins
   camels-us-newman-v1 : 2000-01-01:2018-12-31: median KGE = 0.627874504377391 (p5=-1.374922739898227, p95=0.895985775449898) based on 2571 basins
   camels-us-newman-v1 : 2000-01-01:2018-12-31: median NSE = 0.6339690685272217 (p5=-2.4540430068969727, p95=0.9033342868089677) based on 2573 basins
   camels-us-newman-v1 : 1980-01-01:1999-12-31: median KGE = 0.4651450691058462 (p5=-2.6545984367398754, p95=0.7839565754552497) based on 2224 basins
   camels-us-newman-v1 : 1980-01-01:1999-12-31: median NSE = 0.3109624981880188 (p5=-7.6950953006744385, p95=0.7699182853102684) based on 2226 basins
   north-america-mai-v1: 2000-01-01:2018-12-31: median KGE = 0.9547595356173018 (p5=0.6281578386866176, p95=0.982433112884131) based on 2573 basins
   north-america-mai-v1: 2000-01-01:2018-12-31: median NSE = 0.963829692453146 (p5=0.6866940140724183, p95=0.9894659120589495) based on 2573 basins
   north-america-mai-v1: 1980-01-01:1999-12-31: median KGE = 0.616528503532085 (p5=-0.4508838816359114, p95=0.8725614008791482) based on 2226 basins
   north-america-mai-v1: 1980-01-01:1999-12-31: median NSE = 0.515246793627739 (p5=-1.2165802121162415, p95=0.86345299705863) based on 2226 basins
