   grip-gl-mai-v2      : 2000-01-01:2018-12-31: median KGE = 0.3218230099695988 (p5=-10.78846957458098, p95=0.7768617387088353) based on 671 basins
   grip-gl-mai-v2      : 2000-01-01:2018-12-31: median NSE = 0.37836581468582153 (p5=-18.38857364654541, p95=0.7595430836081505) based on 671 basins
   grip-gl-mai-v2      : 1980-01-01:1999-12-31: median KGE = 0.2730340117706952 (p5=-12.613111087619428, p95=0.7182449096458953) based on 615 basins
   grip-gl-mai-v2      : 1980-01-01:1999-12-31: median NSE = 0.2576133906841278 (p5=-27.073850631713867, p95=0.6327337101101875) based on 616 basins
   conus-zhi-v1        : 2000-01-01:2018-12-31: median KGE = 0.5348275154924421 (p5=-0.24948479233310283, p95=0.8980821807536933) based on 666 basins
   conus-zhi-v1        : 2000-01-01:2018-12-31: median NSE = 0.5571540296077728 (p5=-0.34824538230895996, p95=0.8983347862958908) based on 671 basins
   conus-zhi-v1        : 1980-01-01:1999-12-31: median KGE = 0.415258783144848 (p5=-0.7040782129214123, p95=0.7037982029711743) based on 613 basins
   conus-zhi-v1        : 1980-01-01:1999-12-31: median NSE = 0.34432414174079895 (p5=-2.262682855129242, p95=0.691966749727726) based on 616 basins
   grip-gl-mai-v3      : 2000-01-01:2018-12-31: median KGE = 0.3617011171832793 (p5=-9.482867253489879, p95=0.7874996300316919) based on 670 basins
   grip-gl-mai-v3      : 2000-01-01:2018-12-31: median NSE = 0.4029366374015808 (p5=-17.846768379211426, p95=0.7471393942832947) based on 671 basins
   grip-gl-mai-v3      : 1980-01-01:1999-12-31: median KGE = 0.2932412918195112 (p5=-8.894189102639269, p95=0.695692491430897) based on 615 basins
   grip-gl-mai-v3      : 1980-01-01:1999-12-31: median NSE = 0.24622949957847595 (p5=-28.009674072265625, p95=0.6028434261679649) based on 616 basins
   conus-zhi-v2        : 2000-01-01:2018-12-31: median KGE = 0.5211870865489334 (p5=-0.270251215176798, p95=0.8862232795676911) based on 668 basins
   conus-zhi-v2        : 2000-01-01:2018-12-31: median NSE = 0.5543077290058136 (p5=-0.48972874879837036, p95=0.893351785838604) based on 671 basins
   conus-zhi-v2        : 1980-01-01:1999-12-31: median KGE = 0.41086638483526694 (p5=-0.698146392002877, p95=0.7145343821154159) based on 614 basins
   conus-zhi-v2        : 1980-01-01:1999-12-31: median NSE = 0.34860000014305115 (p5=-2.4421566128730774, p95=0.6913299784064293) based on 616 basins
   camels-us-newman-v1 : 2000-01-01:2018-12-31: median KGE = 0.8896194953554335 (p5=0.6891357324370676, p95=0.9584925147606487) based on 671 basins
   camels-us-newman-v1 : 2000-01-01:2018-12-31: median NSE = 0.9091196805238724 (p5=0.7800301983952522, p95=0.9735622722655535) based on 671 basins
   camels-us-newman-v1 : 1980-01-01:1999-12-31: median KGE = 0.6286869383805307 (p5=-0.08922261684710786, p95=0.8728224377704803) based on 616 basins
   camels-us-newman-v1 : 1980-01-01:1999-12-31: median NSE = 0.5532833784818649 (p5=-0.65951007604599, p95=0.8713360279798508) based on 616 basins
   north-america-mai-v1: 2000-01-01:2018-12-31: median KGE = 0.7476177887448181 (p5=-0.012254100233567877, p95=0.9699642863824713) based on 671 basins
   north-america-mai-v1: 2000-01-01:2018-12-31: median NSE = 0.7730303108692169 (p5=0.09967127442359924, p95=0.9788994416594505) based on 671 basins
   north-america-mai-v1: 1980-01-01:1999-12-31: median KGE = 0.5713853469987821 (p5=-0.5133072795780131, p95=0.8111985490300817) based on 616 basins
   north-america-mai-v1: 1980-01-01:1999-12-31: median NSE = 0.48225998878479004 (p5=-1.490311622619629, p95=0.8370241113007069) based on 616 basins
