   grip-gl-mai-v2      : 2000-01-01:2018-12-31: median KGE = 0.3218230099695987 (-10.78846957458098, 0.7768617387088355) based on 671 basins
   grip-gl-mai-v2      : 1980-01-01:1999-12-31: median KGE = 0.2730340117706953 (-12.613111087619428, 0.7182449096458954) based on 615 basins
   camels-us-newman-v1 : 2000-01-01:2018-12-31: median KGE = 0.8896194953554334 (0.6891357324370677, 0.9584925147606486) based on 671 basins
   camels-us-newman-v1 : 1980-01-01:1999-12-31: median KGE = 0.6286869383805306 (-0.08922261684710786, 0.8728224377704803) based on 616 basins
   conus-zhi-v1        : 2000-01-01:2018-12-31: median KGE = 0.534827515492442 (-0.24948479233310278, 0.8980821807536933) based on 666 basins
   conus-zhi-v1        : 1980-01-01:1999-12-31: median KGE = 0.4152587831448479 (-0.7040782129214123, 0.7037982029711745) based on 613 basins
   grip-gl-mai-v3      : 2000-01-01:2018-12-31: median KGE = 0.3617011171832793 (-9.482867253489879, 0.7874996300316917) based on 670 basins
   grip-gl-mai-v3      : 1980-01-01:1999-12-31: median KGE = 0.2932412918195112 (-8.894189102639269, 0.695692491430897) based on 615 basins
   conus-zhi-v2        : 2000-01-01:2018-12-31: median KGE = 0.5211870865489336 (-0.270251215176798, 0.8862232795676914) based on 668 basins
   conus-zhi-v2        : 1980-01-01:1999-12-31: median KGE = 0.41086638483526694 (-0.6981463920028771, 0.7145343821154158) based on 614 basins
